Topic,Asset,Interval,Target param,word_count,hour_sin,hour_cos,return_1d_lag1,vol_1d_lag1,return_1d_sma5,vol_1d_sma5,topic_sentiment
China,X_BTCUSD,5m,Return,0.1278685350195043,0.08335223293343257,0.2447207761601018,0.09897571882614428,0.033649682478346404,0.10991052690486605,0.10230807816607185,0.1992144495115328
China,X_BTCUSD,15m,Return,0.2037159155512828,0.11725418544144242,0.06787392061330755,0.09772808784275347,0.06333784073758215,0.16984291684985034,0.12080389304697838,0.15944323991680295
China,X_BTCUSD,30m,Return,0.2687360641776453,0.15231497186031837,0.06104239678558314,0.08066556732331584,0.027981875406760802,0.08576130617682626,0.05248220838077393,0.2710156098887764
China,X_BTCUSD,1h,Return,0.26987955599949326,0.10697566438276224,0.06012444646572337,0.08001454880979263,0.03392953084921357,0.07119464238643666,0.09069804968077465,0.2871835614258036
China,X_BTCUSD,1d,Return,0.23257719737611024,0.13773747519465762,0.053672734597693374,0.17035478989403446,0.04517997477016666,0.1709507960679597,0.0845937572764416,0.10493327482293628
China,CL,5m,Return,0.12219986643007616,0.03585369458475065,0.06897528488168092,0.07941240014312867,0.04073459997373505,0.09683288458430257,0.4310454150788563,0.12494585432346957
China,CL,15m,Return,0.05318614701404375,0.03736745675225388,0.02952495600978291,0.0532445062531007,0.0669810316261499,0.11708954820318247,0.6063392032466263,0.0362671508948601
China,CL,30m,Return,0.07126948237686691,0.05407771712340443,0.04677899945541013,0.08054822494619739,0.06543766897979066,0.18119697939596757,0.42073951785319785,0.07995140986916514
China,CL,1h,Return,0.07042472553887863,0.023376676961121164,0.030323023396408265,0.07561335822730081,0.0754078809117474,0.12793839090898926,0.5338610416279698,0.06305490242758488
China,CL,1d,Return,0.22919624245205836,0.016336501951816948,0.026710797357717482,0.11753512095551544,0.191276813973077,0.17370643253992288,0.18795964298933499,0.05727844778055696
China,ES,5m,Return,0.14021717206589573,0.03701529551841837,0.05706321016538795,0.06289815497205344,0.09489079335530382,0.3771013726554407,0.1615047872584893,0.06930921400901083
China,ES,15m,Return,0.10304515179191913,0.10681060366499806,0.03721218684614956,0.14391166717251963,0.06353060063464223,0.2801141694884602,0.07869252243022429,0.1866830979710869
China,ES,30m,Return,0.09079364779474391,0.038659120528733236,0.03460051754248235,0.12426595176201624,0.05975300189065239,0.2570417442591696,0.3274998197125706,0.06738619650963164
China,ES,1h,Return,0.05054414703172151,0.0712710217439312,0.05611004052187833,0.10414463402765611,0.09366252312002779,0.39485341686508835,0.18485508140366616,0.0445591352860307
China,ES,1d,Return,0.007739496704842631,0.004375057670191337,0.012480682848931684,0.388756054726005,0.0812548062028377,0.39961613385184674,0.1031272190734031,0.0026505489219418067
China,YM,5m,Return,0.12018622685993365,0.040129973372930776,0.08914286492717516,0.06121633919990429,0.11486060716765875,0.35189988609441203,0.13797465468054193,0.08458944769744338
China,YM,15m,Return,0.11232010933193896,0.15281503867303592,0.03955581665147432,0.16593900663680405,0.07083776359115136,0.24940489876420824,0.08282902361292925,0.12629834273845794
China,YM,30m,Return,0.09928241425666468,0.07137483942641897,0.0478745439656177,0.1435811764229069,0.08012710883487385,0.23980003911145967,0.25793088324419333,0.06002899473786497
China,YM,1h,Return,0.06494714066041483,0.08867514235072464,0.049239409953758896,0.12948429552487697,0.10205956081540918,0.31804977057984335,0.18225320340409698,0.06529147671087504
China,YM,1d,Return,0.022851673633264253,0.014677177299684738,0.014217901987997428,0.3067678669480411,0.13594849170020326,0.3539439338717944,0.13566765075586001,0.01592530380315475
China,ZN,5m,Return,0.1256956371082241,0.11543685658001575,0.12992820578109138,0.10347199369865819,0.044995909740754826,0.11461035603572613,0.11476494412134457,0.25109609693418516
China,ZN,15m,Return,0.15515612105694104,0.11139188283109216,0.21750837099804646,0.09764764139886677,0.05819795399675495,0.12469390743414685,0.06946106797420311,0.16594305430994868
China,ZN,30m,Return,0.06698875750864089,0.14802209959489143,0.040962071037146115,0.10945683811111837,0.04858967248998783,0.46087094803367307,0.06494545326356965,0.060164159960972664
China,ZN,1h,Return,0.037917280550845686,0.20321577283441375,0.04063716392081352,0.10999629803228396,0.02482841286130031,0.4279112536189584,0.06596786572219829,0.08952595245918615
China,ZN,1d,Return,0.14110669454127675,0.12615435618681944,0.06657655793142091,0.18338763689190607,0.03370393029657409,0.17355579895503856,0.07427132355510827,0.20124370164185573
China,I_NDX,5m,Return,0.1727050534851588,0.06725468309176902,0.06383728561560342,0.12234163183523881,0.048099845676933387,0.09053365602802378,0.08753926737839057,0.3476885768888823
China,I_NDX,15m,Return,0.1563326576044028,0.04850014388089232,0.03339892330204055,0.07561675730828255,0.08654478296160961,0.2504621406714479,0.08631276573739574,0.26283182853392867
China,I_NDX,30m,Return,0.2198857029760394,0.20761076471938056,0.056578679193496316,0.05256604737165171,0.03427328638401708,0.21852639381574748,0.05968969913653746,0.15086942640312997
China,I_NDX,1h,Return,0.09134942145140344,0.08404852202643436,0.045624448833235166,0.05868075080446635,0.04671868390396265,0.35842045486491597,0.11406353202568556,0.20109418608989652
China,I_NDX,1d,Return,0.007889241330025592,0.005747443617850984,0.030290190535667966,0.36385451125636237,0.03297508292805383,0.4806656317593044,0.0719535843270779,0.006624314245657069
China,X_BTCUSD,5m,Vol,0.17821895400133506,0.0956333910876642,0.1203705300950573,0.07579978874623791,0.04572962167671553,0.08618531623011937,0.09343225231558171,0.30463014584728887
China,X_BTCUSD,15m,Vol,0.1681930034925237,0.13300313696493815,0.08914620828257573,0.13001290474415908,0.07600409850556576,0.11735759177304655,0.08330066179398647,0.20298239444320468
China,X_BTCUSD,30m,Vol,0.13218056130024963,0.11285127518835683,0.07167320902830798,0.11052818313152922,0.07608068325722957,0.11889364565350423,0.18257640567511108,0.19521603676571136
China,X_BTCUSD,1h,Vol,0.09671505084027646,0.09772809505389836,0.0883776028232428,0.15197181104770552,0.08098296453288364,0.08286786559786403,0.1772721367027042,0.22408447340142487
China,X_BTCUSD,1d,Vol,0.5480986577191521,0.03913874528587752,0.1158160685833758,0.057109425203937754,0.05892181871575376,0.046946152553100216,0.057093478250533736,0.07687565368826907
China,CL,5m,Vol,0.1399084927329364,0.07393950555037059,0.13281146958068707,0.05117437504639112,0.015985535968696053,0.10439309866453222,0.3839294769994429,0.09785804545694349
China,CL,15m,Vol,0.09535536179772434,0.06546317604495751,0.32248670573131444,0.04106857643172763,0.031051984736838966,0.06882406382350138,0.29370817113715847,0.08204196029677732
China,CL,30m,Vol,0.059722318605111936,0.12595386149403973,0.17834188320323108,0.0875252800988052,0.07482304320660332,0.13609247335421043,0.25188496556415624,0.08565617447384209
China,CL,1h,Vol,0.06858200097034126,0.09823101245654076,0.1550337610646211,0.07513294188272462,0.059110325164706344,0.12404905537086885,0.333318508748425,0.0865423943417721
China,CL,1d,Vol,0.3101212885493283,0.04896829793170598,0.05759317489153286,0.0843210941416103,0.14339851162720693,0.1046112564317838,0.16038184980552564,0.0906045266213062
China,ES,5m,Vol,0.02778798254272701,0.029137139601790093,0.017457982338320854,0.1282795840819408,0.1405776321630266,0.16053300687464409,0.4580805355412125,0.03814613685633796
China,ES,15m,Vol,0.046355035317821654,0.12509893758623644,0.050775943617136776,0.19423963704622899,0.1784422364529646,0.06016232345454733,0.2528495832840363,0.09207630324102795
China,ES,30m,Vol,0.0625790586324563,0.12116459848623319,0.025489504475201145,0.24221718405344786,0.15537639228634373,0.15273964034036272,0.18370509088937842,0.05672853083657666
China,ES,1h,Vol,0.04685282728906047,0.12372263354748407,0.021038818050724335,0.22289485055200908,0.18163952004446965,0.16552198816596767,0.1980720899414224,0.040257272408862475
China,ES,1d,Vol,0.0038376061171724925,0.004032644035473236,0.003941094649969862,0.01748335068567488,0.5442885822590713,0.04547932989791675,0.37717351682180755,0.0037638755329140188
China,YM,5m,Vol,0.03869306028944998,0.04533433738149748,0.03433402241997873,0.08856465592524869,0.22154742097031005,0.1737634831119766,0.2836061736820667,0.11415684621947186
China,YM,15m,Vol,0.05925421918841247,0.10896614103269503,0.06590926475440063,0.1363012260621221,0.1407308068268417,0.08619240987625836,0.1361837803952867,0.2664621518639832
China,YM,30m,Vol,0.05632464325869889,0.14982603338334124,0.045235312178933146,0.223474007326799,0.09836604588272017,0.16617208088830662,0.08762661275185021,0.17297526432935076
China,YM,1h,Vol,0.026976015455653948,0.13447726540974053,0.03568695277999094,0.09625514488096429,0.1836633641057333,0.2524377130425346,0.10505925506851255,0.16544428925686974
China,YM,1d,Vol,0.028903692657346814,0.01888244846460912,0.016771154416308477,0.03187051256980642,0.39540123887396506,0.05699257083671484,0.3796400070663145,0.07153837511493481
China,ZN,5m,Vol,0.06443693832838764,0.0919821410140909,0.060590322809585075,0.17448420074936838,0.12137840826269025,0.2668037891072828,0.1562946297906964,0.06402956993789853
China,ZN,15m,Vol,0.13771126061942604,0.0693339141005724,0.1323537256768205,0.17251997122252463,0.02691425685871456,0.11304762454148867,0.036507209849314194,0.31161203713113894
China,ZN,30m,Vol,0.08871949940134079,0.06708473949916036,0.4566608267733903,0.07625668947037204,0.028616630743270973,0.12265135167157164,0.05179909147361706,0.10821117096727689
China,ZN,1h,Vol,0.08156788716542555,0.08599894627996524,0.5820441064704776,0.04261830900219227,0.02065345383935207,0.08643193406172431,0.03624111391057444,0.06444424927028851
China,ZN,1d,Vol,0.08225124423383061,0.0830516682512537,0.07787707752164129,0.0416835456535227,0.019807970038470474,0.08032373963089519,0.020467891424629996,0.5945368632457559
China,I_NDX,5m,Vol,0.06483746019908437,0.033820212657252796,0.021911779963352786,0.05976984259740485,0.07929110672221001,0.10430058271427971,0.5281739195467279,0.1078950955996876
China,I_NDX,15m,Vol,0.04950320471663225,0.04093591086939252,0.029329529469694696,0.21896934665054385,0.1497089620970184,0.07529757361896308,0.39201865994111834,0.044236812636636896
China,I_NDX,30m,Vol,0.07825311258325203,0.03790592416833249,0.030783335776147617,0.23797157230269644,0.17313246995468895,0.09803960153073374,0.2520876203163145,0.09182636336783427
China,I_NDX,1h,Vol,0.07655437273607281,0.03467580676591738,0.032985752268676186,0.18173016843306394,0.20445921085075452,0.11495445415817575,0.2949512921501955,0.05968894263714388
China,I_NDX,1d,Vol,0.020069048242370456,0.028365433199886915,0.027167682218870816,0.08439457517153746,0.08807913896892496,0.15896963728845415,0.5433553686025,0.04959911630745526
China,X_BTCUSD,5m,Beta,0.15972960345538617,0.029895681994209965,0.15624718099812446,0.1263400170599743,0.07772460860610923,0.08602662089216313,0.15205811507262237,0.2119781719214104
China,X_BTCUSD,15m,Beta,0.12384272856537425,0.16605942768463927,0.1470013047149185,0.14609580500946476,0.04316881103181396,0.08333085345854295,0.08971616841466178,0.20078490112058453
China,X_BTCUSD,30m,Beta,0.20242982835575782,0.053784084055751656,0.10314927881001072,0.10661117849570147,0.07307794449465599,0.15209505205931806,0.2064249573280694,0.10242767640073491
China,X_BTCUSD,1h,Beta,0.1560868259999725,0.0821286751817364,0.1542299103599848,0.13225201845262097,0.06521541064860688,0.13265544937338644,0.0740085372765059,0.2034231727071861
China,X_BTCUSD,1d,Beta,0.06284424075408888,0.10540002924884675,0.2011572346467054,0.13424218301682825,0.09818405410392872,0.10720293159913757,0.12114444437045555,0.16982488226000886
China,CL,5m,Beta,0.25391205748053375,0.11666637706840158,0.13192110364087242,0.14480434988377278,0.03658599080508154,0.09016251833964327,0.09910599438407829,0.12684160839761632
China,CL,15m,Beta,0.1593647031543831,0.09456013368836062,0.0622526570060772,0.2120681091908749,0.04815089672863003,0.13197180087217808,0.1440775203335941,0.14755417902590204
China,CL,30m,Beta,0.10775761072846742,0.06781316110746713,0.26879731283251246,0.1417117372952287,0.048984126939557865,0.12200871216733215,0.11111075700271258,0.13181658192672177
China,CL,1h,Beta,0.08336326040545769,0.034924962345397215,0.46076302410829933,0.11155191236933204,0.06903163443864122,0.053363336828924794,0.07804258300291436,0.10895928650103323
China,CL,1d,Beta,0.3065104746890812,0.024289073684899024,0.03696445147488739,0.06302295001385216,0.042657363545006065,0.041502430402629555,0.32578564495798906,0.15926761123165556
China,ES,5m,Beta,0.0,0.0,0.0,0.0,0.0,0.0,0.0,0.0
China,ES,15m,Beta,0.0,0.0,0.0,0.0,0.0,0.0,0.0,0.0
China,ES,30m,Beta,0.0,0.0,0.0,0.0,0.0,0.0,0.0,0.0
China,ES,1h,Beta,0.0,0.0,0.0,0.0,0.0,0.0,0.0,0.0
China,ES,1d,Beta,0.0,0.0,0.0,0.0,0.0,0.0,0.0,0.0
China,YM,5m,Beta,0.25882468476646525,0.06239286135312321,0.23417832367984726,0.0804971837817301,0.05060517206542709,0.09517735425511412,0.11025649295132137,0.10806792714697165
China,YM,15m,Beta,0.10773263509920225,0.07854442822744608,0.17266289004450144,0.12102482962610901,0.0705845400388037,0.17205034983304177,0.09837746633443052,0.1790228607964651
China,YM,30m,Beta,0.07815937949642458,0.049050806555508315,0.05486022598719439,0.0990086250553488,0.049128305984572844,0.04871776707439276,0.1697299910018816,0.4513448988446766
China,YM,1h,Beta,0.12090760169474342,0.0737777428222599,0.07989279662084925,0.07251384018144438,0.05223600760925562,0.0890655554144574,0.12151372858950171,0.3900927270674883
China,YM,1d,Beta,0.07757342080715054,0.05237687424741515,0.13710419838238627,0.11504548378687979,0.060597752906174446,0.05435706004426377,0.39540328122844354,0.10754192859728652
China,ZN,5m,Beta,0.2674568847703359,0.044586593202240045,0.12615540577232426,0.10127126805354454,0.08737415389393575,0.10966635601806644,0.13483013064706129,0.12865920764249186
China,ZN,15m,Beta,0.08999230902237931,0.05970700448274337,0.17128604736822972,0.16332170182602596,0.08076786346353472,0.18680277247755459,0.15843933140391692,0.08968296995561534
China,ZN,30m,Beta,0.10597396282757515,0.10287562252403934,0.15290280956744606,0.12079169191701727,0.039587791625812975,0.22753072636166322,0.0967498542243047,0.15358754095214117
China,ZN,1h,Beta,0.19829980467923156,0.11040031790540497,0.14985098632816482,0.10097677636408967,0.04784539251387441,0.09186899127546932,0.12525489161715977,0.17550283931660557
China,ZN,1d,Beta,0.10583941089946494,0.1173177641273362,0.19498064668265708,0.12631937588395983,0.04743443662009157,0.16223108742004708,0.13092371081595705,0.11495356755048627
China,I_NDX,5m,Beta,0.24807422209497978,0.04997729094694961,0.15233694013573218,0.11816658095041298,0.06526155641022546,0.12384616416191509,0.11403727017202399,0.12829997512776095
China,I_NDX,15m,Beta,0.15856982775406214,0.09677910239270174,0.172831162231349,0.2342177819293819,0.030122394289890213,0.10869483665977019,0.05566183136037242,0.14312306338247247
China,I_NDX,30m,Beta,0.18570977359579396,0.10027809985788452,0.09371384941238221,0.13826560015762704,0.0680335109607312,0.15160893744890205,0.10845505469259396,0.1539351738740851
China,I_NDX,1h,Beta,0.21762403545850975,0.10514322640166215,0.08452281020222463,0.12160297433463503,0.05102577837240029,0.12491308965161509,0.13621462968954984,0.15895345588940324
China,I_NDX,1d,Beta,0.135789120208367,0.11433814117488354,0.1790762687575362,0.17850784658555793,0.04616606135220946,0.14957040719326253,0.1004046160977621,0.09614753863042122
Federal politics,X_BTCUSD,5m,Return,0.15628099963786807,0.0708650451591441,0.0856711949293125,0.16024767913836577,0.06260433853918096,0.17708313550593963,0.1100678032226615,0.1771798038675275
Federal politics,X_BTCUSD,15m,Return,0.151145707274699,0.08264800382546317,0.08373292135251603,0.16949807542876588,0.05459952255116923,0.16406795693887283,0.12642624874239405,0.16788156388611988
Federal politics,X_BTCUSD,30m,Return,0.14674247902471182,0.08073974357793995,0.08422888224427,0.1799551679782864,0.06008423598975122,0.17020493212179738,0.12455065389965508,0.15349390516358827
Federal politics,X_BTCUSD,1h,Return,0.14287927635577546,0.08887687417529573,0.0900589222959853,0.1851359700896487,0.04570669492941075,0.18664165406360367,0.10422342102071765,0.1564771870695628
Federal politics,X_BTCUSD,1d,Return,0.10817055573886035,0.060852329934676916,0.09562874437135475,0.21644886185024745,0.05242368245766205,0.20344273567306112,0.1430235945628893,0.120009495411248
Federal politics,CL,5m,Return,0.13725105680504918,0.09785564798698035,0.09269322120347293,0.15719768103724596,0.0546310502131373,0.1892974724374854,0.10361148733030193,0.16746238298632693
Federal politics,CL,15m,Return,0.13861193051043888,0.07647528499250464,0.09248203637157842,0.19772660817309498,0.047860129954257764,0.18474270309286725,0.11448902392394843,0.14761228298130977
Federal politics,CL,30m,Return,0.15512481187514796,0.06827525835146316,0.07673308953333803,0.1816181560349631,0.054629452248155325,0.19777282823414802,0.1135427524297011,0.15230365129308338
Federal politics,CL,1h,Return,0.14007092017557662,0.07108673556013317,0.08218908665979609,0.19211196099834874,0.05990033733674267,0.19967763746553244,0.11140664495977183,0.14355667684409837
Federal politics,CL,1d,Return,0.08471511591788664,0.06723087739379867,0.04902197069899197,0.2977488010476147,0.06258856085969282,0.21209974752221417,0.14184219751006336,0.0847527290497376
Federal politics,ES,5m,Return,0.12894116611734124,0.05213197021084725,0.09427435683813026,0.1434742881245105,0.1038329470545525,0.16547245092805113,0.21670245915995157,0.09517036156661562
Federal politics,ES,15m,Return,0.12089558554144414,0.07655402538032122,0.06227481200812622,0.21275868147151114,0.07613185153123464,0.142615369014327,0.1663858028276299,0.14238387222540574
Federal politics,ES,30m,Return,0.13076365182413544,0.07357733656657804,0.06275250333983197,0.19655112368251,0.08648962701481344,0.19143989347695775,0.13278718425694164,0.1256386798382317
Federal politics,ES,1h,Return,0.09651235047949858,0.06101781790837524,0.06731893827131392,0.23214498797363198,0.07749359852095393,0.2254671787125873,0.13293999054842848,0.1071051375852104
Federal politics,ES,1d,Return,0.017982630396004895,0.01950168139370611,0.022346217658952918,0.5885765535414835,0.07530748682577422,0.2210663385237533,0.04145246005588339,0.013766631604441701
Federal politics,YM,5m,Return,0.11007368017477244,0.05769017145138937,0.09495263907481429,0.1642239642375726,0.09264440685551752,0.18255863453565166,0.19046908874014784,0.10738741493013437
Federal politics,YM,15m,Return,0.12682245916261856,0.07759276846355422,0.06726215326692181,0.20017969468996136,0.07013972697214736,0.16884990498559507,0.15976143273148535,0.1293918597277162
Federal politics,YM,30m,Return,0.12966591680235026,0.07997367219024049,0.07047188852640031,0.1776775471102337,0.08216939940700052,0.17682922362178613,0.1457336160572522,0.1374787362847363
Federal politics,YM,1h,Return,0.09960387561452362,0.06319593253782384,0.07604753873977883,0.21142330384710167,0.0717538070355623,0.23249208490741183,0.13826345464533474,0.10722000267246319
Federal politics,YM,1d,Return,0.027284396181967922,0.024056573707595,0.02840005167892939,0.5254743135742325,0.07006945646210845,0.21482524025091462,0.07928508412322223,0.03060488402103005
Federal politics,ZN,5m,Return,0.12922630966206752,0.05305220495620673,0.08408751587890506,0.19996110535447265,0.07778475467141417,0.18058055038152446,0.1351191984811398,0.14018836061426973
Federal politics,ZN,15m,Return,0.14992038659000206,0.058729217785318415,0.08041971386225326,0.23355800537109847,0.055586020434866115,0.16140143863201306,0.12703805033583987,0.1333471669886087
Federal politics,ZN,30m,Return,0.1235450143746114,0.05501032656006801,0.07748840168164459,0.18530255630189266,0.06512093885268717,0.20974290206902826,0.162421764380508,0.12136809577955995
Federal politics,ZN,1h,Return,0.13453670753274546,0.06219199562465708,0.07020719806358898,0.1564434711627363,0.0953504746819436,0.17351992200067837,0.18809053593814487,0.11965969499550541
Federal politics,ZN,1d,Return,0.06202826210616874,0.041633162826637655,0.042506156252731395,0.21406669899987352,0.07035977202212824,0.2729245265164434,0.23163248172001885,0.06484893955599817
Federal politics,I_NDX,5m,Return,0.10245770177980938,0.05463441104375848,0.06906566999542148,0.17966677973732906,0.09088593822021039,0.20795635835419585,0.18662952943806058,0.1087036114312148
Federal politics,I_NDX,15m,Return,0.10621674720341125,0.062794513616509,0.09199670636411764,0.17774336365215018,0.08616719189928784,0.19452533563587038,0.16695222460856543,0.11360391702008829
Federal politics,I_NDX,30m,Return,0.1013622921327358,0.05966170439639185,0.07206769861696113,0.2244088332834647,0.06584139726828912,0.2257735099695096,0.13537968357601265,0.11550488075663523
Federal politics,I_NDX,1h,Return,0.07446768765884684,0.05976154368296587,0.08495128915275801,0.1982391518058651,0.1425943497245127,0.1850163697737119,0.16810956138929817,0.08686004681204137
Federal politics,I_NDX,1d,Return,0.0259815327287035,0.017158652563456923,0.01983460722836774,0.3120369520562026,0.08122974329776378,0.43665338732891384,0.08252249591167468,0.024582628884917086
Federal politics,X_BTCUSD,5m,Vol,0.14551520298820805,0.07793308222920098,0.08086643907196402,0.1575364444960543,0.06862250664809731,0.17089673627349367,0.1480813888263895,0.15054819946659218
Federal politics,X_BTCUSD,15m,Vol,0.13145483286183987,0.07480381269631799,0.09442709542660019,0.1538250335840298,0.06019195484115965,0.1722882041768556,0.17640939078969048,0.13659967562350642
Federal politics,X_BTCUSD,30m,Vol,0.11786183145424026,0.07306784766872228,0.09438146053814579,0.18734980382814848,0.05612804394696554,0.16211600084610375,0.19790021755248596,0.11119479416518793
Federal politics,X_BTCUSD,1h,Vol,0.13283158290568445,0.07161926059569651,0.08834761422883591,0.18057131033870777,0.04776304642680228,0.1643526991531645,0.2167937652364231,0.09772072111468556
Federal politics,X_BTCUSD,1d,Vol,0.08713898852444114,0.04897702798932279,0.0682417211152258,0.13622723321991784,0.06807254978774882,0.34686401749944445,0.16942368452721657,0.0750547773366827
Federal politics,CL,5m,Vol,0.12594486180068035,0.07687560394248164,0.08564123657237299,0.23041707592265456,0.056881556083451607,0.15815713555549424,0.11166573529385057,0.1544167948290141
Federal politics,CL,15m,Vol,0.14309500433002315,0.07691100300007189,0.08131320554384214,0.18351661070565858,0.05034740652681481,0.15200391753719103,0.14167786511355085,0.1711349872428475
Federal politics,CL,30m,Vol,0.1650463572011712,0.12373639964175881,0.07560189076005437,0.14364795987001386,0.025700875916749952,0.1238041802877297,0.13019285852967755,0.21226947779284466
Federal politics,CL,1h,Vol,0.17899522516388805,0.10685474274332724,0.06523946025514007,0.23752900078224334,0.05438429365544396,0.11067960223935941,0.10791044000801034,0.1384072351525876
Federal politics,CL,1d,Vol,0.09118652992648901,0.03880839164839167,0.03225041696064113,0.39172475381300975,0.04775063612488148,0.20993199222912723,0.11533037829685668,0.0730169010006031
Federal politics,ES,5m,Vol,0.062416611498154397,0.08205167540835115,0.04294330009935649,0.07717753024478236,0.20143611625570798,0.10797194121520981,0.338447561465245,0.08755526381319285
Federal politics,ES,15m,Vol,0.051659731193539525,0.06603749229470912,0.04355989981946802,0.06356630719254064,0.2986086328728407,0.06647729099833365,0.33496330253575396,0.0751273430928145
Federal politics,ES,30m,Vol,0.055910923888463776,0.04759425175899757,0.043590180849697686,0.05875129440589408,0.10915043144415142,0.05058864543626842,0.5814656309123674,0.052948641304159785
Federal politics,ES,1h,Vol,0.10551177573844028,0.04439482300263462,0.0528775244668167,0.047420388008200955,0.06256687473830623,0.06983914394234478,0.4629598024983494,0.15442966760490717
Federal politics,ES,1d,Vol,0.0020882654538002116,0.00896698771781532,0.003014067032468632,0.007141984671880291,0.6752311640530597,0.006853393066876692,0.29181808743687804,0.004886050567221082
Federal politics,YM,5m,Vol,0.07889363780424957,0.08127085771903574,0.05217380735400414,0.08374708466617856,0.19380364404299577,0.12436146475283953,0.27741771512011376,0.10833178854058297
Federal politics,YM,15m,Vol,0.04604124723035318,0.05172780623301401,0.041420112594492436,0.26417932190453164,0.06580388385304137,0.066872911951188,0.3830242359697904,0.08093048026358902
Federal politics,YM,30m,Vol,0.0882163517933728,0.05756968883072783,0.06499303757065843,0.0662938902601129,0.05988401150409558,0.08384352407900739,0.4845678404510985,0.0946316555109266
Federal politics,YM,1h,Vol,0.1174091890387128,0.05241253782026983,0.057067519497307526,0.07345070198046465,0.03458702872363862,0.12413436814609867,0.38059775328334416,0.1603409015101638
Federal politics,YM,1d,Vol,0.01118211599956079,0.010666689290206928,0.008579166003945787,0.13784923080498637,0.14087249634528107,0.06371503103903754,0.6120986254624627,0.015036645054518773
Federal politics,ZN,5m,Vol,0.1002607702056776,0.05352535022153346,0.08341967285609753,0.23690724465963886,0.0543688757368151,0.20289720095248207,0.13917276661217054,0.1294481187555849
Federal politics,ZN,15m,Vol,0.12286719564337283,0.06982416419923063,0.07230671197285833,0.161972276011378,0.04565842780543657,0.21195754582332074,0.147608669452092,0.16780500909231086
Federal politics,ZN,30m,Vol,0.10456149489028607,0.05106294068729893,0.08850447694385329,0.23658999284353965,0.0736982688906427,0.17686615543373504,0.14097827927018727,0.12773839104045703
Federal politics,ZN,1h,Vol,0.11663011102571653,0.05602672289074479,0.055386695899189826,0.291672571793957,0.04035545080288574,0.17636073680753575,0.11819086218156519,0.14537684859840524
Federal politics,ZN,1d,Vol,0.0938138972556565,0.05462920647399449,0.04858111497209529,0.36203905172604595,0.04664571994246011,0.17660977810110054,0.10865191035831527,0.10902932117033176
Federal politics,I_NDX,5m,Vol,0.058695164711355254,0.03669524855624473,0.03820089220210169,0.10329953414415363,0.07936802438891165,0.09413701525770425,0.5245880290799181,0.06501609165961075
Federal politics,I_NDX,15m,Vol,0.03974195245901726,0.02810529736567156,0.025956539484785393,0.05710389924281023,0.081337468670795,0.056147322664312986,0.667375597861301,0.04423192225130662
Federal politics,I_NDX,30m,Vol,0.03441874630021076,0.024964732519096634,0.02174206573694218,0.05842715779274367,0.05509125162203065,0.055500257600824374,0.7153294516941898,0.034526336733961986
Federal politics,I_NDX,1h,Vol,0.032055247622035106,0.022921140337806366,0.019829993021322392,0.05211810460206893,0.07324527789348549,0.057592167582955,0.7133576124801935,0.028880456460133284
Federal politics,I_NDX,1d,Vol,0.01768322155597374,0.01279461104793879,0.024535012251658238,0.10518485136941873,0.27030010253636844,0.14579218744672584,0.4045990423344935,0.01911097145742276
Federal politics,X_BTCUSD,5m,Beta,0.1381119567449982,0.07822131141156104,0.07004628955279825,0.19976368143576576,0.043761471421362365,0.23464806860796586,0.10527947393184581,0.13016774689370283
Federal politics,X_BTCUSD,15m,Beta,0.14295284066856184,0.08137070671844863,0.09168109400490174,0.14764669530983662,0.059840424034372834,0.1768449850219786,0.14556108091267816,0.1541021733292216
Federal politics,X_BTCUSD,30m,Beta,0.13365192753876545,0.0757669047368112,0.0921880064008562,0.15701274864436998,0.05717274246790918,0.1754468855482698,0.15197295153598642,0.1567878331270318
Federal politics,X_BTCUSD,1h,Beta,0.11809796960759714,0.08790594215823434,0.07792575395377917,0.14689813002738508,0.06697593676489509,0.2135598174889757,0.1305326193668472,0.15810383063228622
Federal politics,X_BTCUSD,1d,Beta,0.13015580520746875,0.05691848950246057,0.07747421469963525,0.19318978388006536,0.049283680133319824,0.2202951263994781,0.144715003318294,0.1279678968592782
Federal politics,CL,5m,Beta,0.14640669957299346,0.0713855143061626,0.068211010787859,0.27472046024861607,0.02604501611559595,0.14935466842436015,0.14301245678772587,0.12086417375668694
Federal politics,CL,15m,Beta,0.15272208131604087,0.06843599886097654,0.0779998014272421,0.2309786139937692,0.03519292707483314,0.18808123888679812,0.11991424224892476,0.1266750961914154
Federal politics,CL,30m,Beta,0.12355773030924198,0.061426074921556946,0.07792782565555592,0.22639114011104125,0.021832550776211143,0.1765136568863658,0.08768656945598641,0.2246644518840406
Federal politics,CL,1h,Beta,0.09721052019910247,0.058596139254271505,0.0673295311050433,0.2847277815507085,0.04498887092156449,0.1717699464597789,0.15073560983593542,0.12464160067359545
Federal politics,CL,1d,Beta,0.10717807516196914,0.05799059300064906,0.05161568867244119,0.20570197686023228,0.07285024650876223,0.16833451394703025,0.2512339949877684,0.08509491086114744
Federal politics,ES,5m,Beta,0.0,0.0,0.0,0.0,0.0,0.0,0.0,0.0
Federal politics,ES,15m,Beta,0.0,0.0,0.0,0.0,0.0,0.0,0.0,0.0
Federal politics,ES,30m,Beta,0.0,0.0,0.0,0.0,0.0,0.0,0.0,0.0
Federal politics,ES,1h,Beta,0.0,0.0,0.0,0.0,0.0,0.0,0.0,0.0
Federal politics,ES,1d,Beta,0.0,0.0,0.0,0.0,0.0,0.0,0.0,0.0
Federal politics,YM,5m,Beta,0.10703339410177588,0.061320288401605555,0.036759076724721375,0.22338894337963472,0.028822697601285707,0.36767347977862513,0.10735082813131676,0.067651291881035
Federal politics,YM,15m,Beta,0.11670551131927044,0.0770487012803043,0.07376591127003189,0.2161200138450441,0.03435462626806472,0.2226616387292695,0.11405428611220744,0.1452893111758076
Federal politics,YM,30m,Beta,0.12668395820815337,0.09341929258988001,0.06760106179535284,0.17171525691778963,0.047938658262908246,0.17958541781683113,0.16700529566658784,0.14605105874249696
Federal politics,YM,1h,Beta,0.07855934211662718,0.07158109567338607,0.042914587845537346,0.20030850083558746,0.10058850715630897,0.18509558730253445,0.2114568218175861,0.10949555725243248
Federal politics,YM,1d,Beta,0.08971227451095537,0.052359229948343966,0.05449347727291554,0.23530692363362768,0.060448592583797936,0.27179236948419966,0.1439682103845915,0.09191892218156834
Federal politics,ZN,5m,Beta,0.095376733785658,0.05664775701466853,0.06828499708731921,0.24623778783638575,0.04546102016545097,0.25161117173225295,0.10629394529520657,0.13008658708305812
Federal politics,ZN,15m,Beta,0.1140332657444798,0.055308701682221906,0.08034405098478703,0.20096697327553212,0.05289842024896078,0.2012568742586372,0.15180131118478737,0.14339040262059385
Federal politics,ZN,30m,Beta,0.07909121613740416,0.05839849668069209,0.05942241835925617,0.3589762573813819,0.035399009458290796,0.18867398899976637,0.11212337860339644,0.10791523437981207
Federal politics,ZN,1h,Beta,0.08637034257943284,0.04318789413337088,0.07302087041843089,0.280421777243179,0.0458061519623425,0.1858962219913919,0.13217693793577312,0.15311980373607884
Federal politics,ZN,1d,Beta,0.06518763299604254,0.03866268222665568,0.049741239175143726,0.31235940708188364,0.051985617519770794,0.2230538242341846,0.17699878152819323,0.08201081523812581
Federal politics,I_NDX,5m,Beta,0.13055123151552786,0.07110952871219892,0.0839593337614612,0.1635571617769314,0.04897792009890703,0.22539464001197598,0.13574294065762937,0.1407072434653683
Federal politics,I_NDX,15m,Beta,0.11773562192583224,0.05494797398368703,0.0959673437155007,0.2115701051744595,0.04891946107446223,0.21826098382385695,0.1389399302499868,0.11365858005221456
Federal politics,I_NDX,30m,Beta,0.10657844327978,0.061450402722690776,0.07946283109079057,0.2888427310974226,0.05628249947815815,0.16858870091433723,0.1321840872214776,0.10661030419534324
Federal politics,I_NDX,1h,Beta,0.10107995613882122,0.05926497156407294,0.06500883910356299,0.2655544037800444,0.052055075592479946,0.21646942963369314,0.15218890067237228,0.08837842351495316
Federal politics,I_NDX,1d,Beta,0.061356917022366175,0.04052226045455574,0.04609072930109293,0.26745128337528506,0.05856520981715154,0.2681604818671936,0.19149522149712842,0.06635789666522661
Iran war/Oil,X_BTCUSD,5m,Return,0.14993212727688165,0.10995093826665428,0.10501869810545021,0.13914511062485815,0.05844443987297206,0.13812346856666113,0.0922273937455518,0.20715782354097076
Iran war/Oil,X_BTCUSD,15m,Return,0.1803378132910262,0.11495305102547763,0.09989107927983373,0.10202052350112681,0.03835596472292217,0.20635168516928212,0.09426423489654816,0.16382564811378325
Iran war/Oil,X_BTCUSD,30m,Return,0.22858213291926616,0.10354605523138256,0.09738677709627312,0.09261252696198091,0.03796485300181888,0.19293424485545943,0.07317110132504578,0.17380230860877313
Iran war/Oil,X_BTCUSD,1h,Return,0.1959850382911157,0.07054197684908067,0.0930720085456695,0.1706355210002598,0.04324459405147933,0.17962766448076412,0.09737471546923636,0.14951848131239448
Iran war/Oil,X_BTCUSD,1d,Return,0.12556101929280497,0.0711113738558877,0.06036149568787355,0.30638607183337097,0.05701278581356051,0.1737125000153552,0.058443498020144924,0.14741125548100226
Iran war/Oil,CL,5m,Return,0.13960475053933874,0.04828472939858855,0.1563468107800775,0.16383493282239256,0.05734926791366339,0.14059464061623164,0.11256919047807325,0.18141567745163437
Iran war/Oil,CL,15m,Return,0.12021005427602381,0.07200751528082326,0.03804533222797886,0.22697245821782158,0.05159599189030529,0.22128252306914406,0.1323980139662721,0.137488111071631
Iran war/Oil,CL,30m,Return,0.11431161296095331,0.050603821190772835,0.051564885235233664,0.20741807192805933,0.061133479223213945,0.1923473470987304,0.07652603155268452,0.246094750810352
Iran war/Oil,CL,1h,Return,0.11158463873922944,0.04056191795114669,0.04056375416914866,0.32169686267040554,0.03628275627076263,0.27259381788886494,0.08440112453967785,0.09231512777076427
Iran war/Oil,CL,1d,Return,0.03567067941890495,0.038958732053058144,0.04936460570884367,0.5563759147914419,0.045546382425050574,0.08748962911316681,0.1035953783762901,0.08299867811324388
Iran war/Oil,ES,5m,Return,0.14083651527979757,0.07641550914702276,0.0756505179449529,0.14827681296775122,0.08762880812870824,0.09312341969703723,0.16599346255338276,0.21207495428134737
Iran war/Oil,ES,15m,Return,0.16340412172707736,0.13327302182359843,0.08690191285639344,0.1363103547355216,0.03315710077094973,0.19339361525526588,0.10425799763345336,0.1493018751977402
Iran war/Oil,ES,30m,Return,0.1523801977048026,0.09874814367976374,0.0541525599251214,0.14183243652874947,0.045626230511136116,0.19919919575356482,0.13967050059917063,0.16839073529769127
Iran war/Oil,ES,1h,Return,0.11582285506576186,0.06679295875026764,0.057571715170850093,0.22792348610896074,0.059213077539127024,0.1965173672209619,0.1729952664225255,0.10316327372154536
Iran war/Oil,ES,1d,Return,0.008669981147461706,0.0054093357112295765,0.01905591558168071,0.6537614097208945,0.16876790786295667,0.06503009461160573,0.07338285603259875,0.005922499331572272
Iran war/Oil,YM,5m,Return,0.08510729105839014,0.056527214713192275,0.06238425470659869,0.17028658678895792,0.0763454646039698,0.11931181370864515,0.14483279059879664,0.2852045838214494
Iran war/Oil,YM,15m,Return,0.14086384962749274,0.1256208729151733,0.06435454695550664,0.12006687210304777,0.044086540683229584,0.2140616848242432,0.143051036968847,0.1478945959224599
Iran war/Oil,YM,30m,Return,0.18541346981667978,0.10181750633197707,0.06730301560290489,0.15466281538070187,0.04339758806498663,0.1799253254181221,0.08905472805845323,0.17842555132617452
Iran war/Oil,YM,1h,Return,0.15422431662702538,0.07054498303797742,0.07252847439902844,0.19188828871454414,0.05875410809791644,0.18531896784647126,0.16081643710922566,0.1059244241678113
Iran war/Oil,YM,1d,Return,0.019925907888699964,0.016176228740294795,0.010843218260470154,0.621863235799271,0.1214870076411379,0.1177762949707168,0.07309463689220766,0.01883346980720177
Iran war/Oil,ZN,5m,Return,0.12021378782572174,0.07639542296061234,0.10140333316270811,0.139730371772179,0.13491699441858776,0.14616961194732578,0.0925670140528825,0.18860346385998272
Iran war/Oil,ZN,15m,Return,0.11941007440382612,0.08321812051115579,0.0721604106997369,0.23916992440461673,0.05107375497879035,0.21033750691377634,0.08244227093922568,0.14218793714887204
Iran war/Oil,ZN,30m,Return,0.08745542010950158,0.047636330149991225,0.06313154753485552,0.19947608259557748,0.07303666963830956,0.2216087605854278,0.12299446452838826,0.1846607248579487
Iran war/Oil,ZN,1h,Return,0.12001289201439351,0.0977538769499642,0.11029668550491546,0.18591952073603743,0.05290501290779437,0.18024536057339438,0.10533489060267028,0.14753176071083046
Iran war/Oil,ZN,1d,Return,0.10001218647276446,0.07364667413999663,0.13085987248762804,0.21487584792758277,0.06280385037938375,0.17322420798494242,0.1260058178537746,0.1185715427539273
Iran war/Oil,I_NDX,5m,Return,0.09470095088227207,0.08798763278555917,0.04226538563276655,0.1778443130583453,0.26554659091744276,0.1391015954439991,0.10320422886309773,0.08934930241651748
Iran war/Oil,I_NDX,15m,Return,0.12887250883569484,0.1582310221081208,0.10949138747321834,0.13809876386076386,0.054914556139295086,0.19706390050830744,0.08480460153223504,0.12852325954236457
Iran war/Oil,I_NDX,30m,Return,0.09839370919333183,0.09549826900027178,0.11054524582478382,0.12338410382962943,0.08507666994991334,0.2759426644708505,0.10030146758020038,0.11085787015101901
Iran war/Oil,I_NDX,1h,Return,0.07175348334596968,0.05040788209208351,0.07541701684200063,0.20864216726049845,0.13145190612491936,0.2452455385292692,0.13332899068341636,0.08375301512184273
Iran war/Oil,I_NDX,1d,Return,0.027057300492041993,0.017093471505080365,0.025062723602122743,0.2053563789908628,0.03217198489107637,0.6306975492794545,0.037126588818741785,0.025434002420619457
Iran war/Oil,X_BTCUSD,5m,Vol,0.15082845045373516,0.06831280458448569,0.06983277376115965,0.1949392516857272,0.04969624629073011,0.1396527934254506,0.12597317729284657,0.20076450250586508
Iran war/Oil,X_BTCUSD,15m,Vol,0.1699821977725873,0.120246004485351,0.06821797906182982,0.13841418687473148,0.07952774160610092,0.12074257268360922,0.13803611104782276,0.16483320646796748
Iran war/Oil,X_BTCUSD,30m,Vol,0.15458654417491244,0.18430735890810537,0.06344114400676217,0.1027571876931421,0.05093823709800474,0.14664099209215356,0.15758570055776983,0.13974283546914973
Iran war/Oil,X_BTCUSD,1h,Vol,0.14293805915645877,0.21482378459109827,0.06758330295302298,0.1071263335938007,0.05454271300949481,0.11076686332185787,0.20434071760319303,0.09787822577107348
Iran war/Oil,X_BTCUSD,1d,Vol,0.19401511626452536,0.06927277935832887,0.06607851850469387,0.13482356938543805,0.08251276195958619,0.16370829463732112,0.15420626352398137,0.1353826963661251
Iran war/Oil,CL,5m,Vol,0.060818097211536075,0.0772091781552337,0.0835688396284402,0.11339103626909093,0.039543988840613914,0.1676149608983109,0.20183187589788043,0.2560220230988939
Iran war/Oil,CL,15m,Vol,0.11077512118875163,0.05590364572489637,0.05375258312915849,0.11839736772804488,0.04297461497155218,0.2110126232818996,0.2198147595693576,0.18736928440633924
Iran war/Oil,CL,30m,Vol,0.13031592735133632,0.06774132439497332,0.06504664411010973,0.09202028130570843,0.07694242643657093,0.1671985454509681,0.23835600168803253,0.16237884926230076
Iran war/Oil,CL,1h,Vol,0.13770921694864688,0.05989234969868137,0.03686771735529994,0.08128936145914993,0.14804060837045216,0.13791854360933023,0.21260211300233006,0.18568008955610946
Iran war/Oil,CL,1d,Vol,0.057720272928745646,0.02906265132195905,0.07344803331694964,0.1434200493979245,0.1592631221085877,0.24069287042438212,0.20284236356751786,0.09355063693393352
Iran war/Oil,ES,5m,Vol,0.0677866357111649,0.046794875273678725,0.025457145349486954,0.13092117064165942,0.1361311528933517,0.2545161887177291,0.23348207139285967,0.10491076002006959
Iran war/Oil,ES,15m,Vol,0.09534032593923987,0.06324283773122058,0.04214810410262698,0.06349571764691224,0.18019168476487146,0.22618664606861877,0.24194663435304062,0.08744804939346949
